Language             Time                
english:             0.004995107650756836
spanish:             0.008999109268188477
french:              0.010001182556152344
